<?xml version="1.0"?>
<opencv_storage>
<cameraMatrix type_id="opencv-matrix">
  <rows>3</rows>
  <cols>3</cols>
  <dt>d</dt>
  <data>
    1.1493196327528872e+03 0. 4.2872741182321960e+02 0.
    1.1916110887664759e+03 2.0881308921258895e+02 0. 0. 1.</data></cameraMatrix>
<distCoeffs type_id="opencv-matrix">
  <rows>1</rows>
  <cols>5</cols>
  <dt>d</dt>
  <data>
    6.1521135388666981e-01 -2.7281271325364226e+01
    1.5170047839511289e-02 1.3221070687991597e-02 3.8042705406488938e+02</data></distCoeffs>
</opencv_storage>
