<?xml version="1.0"?>
<opencv_storage>
<cameraMatrix type_id="opencv-matrix">
  <rows>3</rows>
  <cols>3</cols>
  <dt>d</dt>
  <data>
    1.1602464651644927e+03 0. 3.1810042386771562e+02 0.
    1.2007736348688566e+03 2.4017444431931739e+02 0. 0. 1.</data></cameraMatrix>
<distCoeffs type_id="opencv-matrix">
  <rows>1</rows>
  <cols>5</cols>
  <dt>d</dt>
  <data>
    2.2669352258447911e-01 -4.8723752788893044e+00
    1.6202698145566900e-03 7.1919455321415322e-03 3.7763495475290668e+01</data></distCoeffs>
</opencv_storage>
